255 255 255 255 255 255 255 255 255 255 255 255 255 255 255 255
255 255 255 255 255 255 255 255 255 255 255 255 255 255 255 255
255 255   0   0   0   0   0   0   0   0   0   0   0   0 255 255
255 255   0   0   0   0   0   0   0   0   0   0   0   0 255 255
255 255   0   0   0   0   0   0   0   0   0   0   0   0 255 255
255 255   0   0   0 240 240 240 240 240 240   0   0   0 255 255
255 255   0   0   0 240 240 240 240 240 240   0   0   0 255 255
255 255   0   0   0 240  14  14  15  14 240   0   0   0 255 255
255 255   0   0   0 240  14  14  14  14 240   0   0   0 255 255
255 255   0   0   0 240  14  14  14  14 240   0   0   0 255 255
255 255   0   0   0 240 240 240 240 240 240   0   0   0 255 255
255 255   0   0   0   0   0   0   0   0   0   0   0   0 255 255
255 255   0   0   0   0   0   0   0   0   0   0   0   0 255 255
255 255   0   0   0   0   0   0   0   0   0   0   0   0 255 255
255 255 255 255 255 255 255 255 255 255 255 255 255 255 255 255
255 255 255 255 255 255 255 255 255 255 255 255 255 255 255 255
255 255 255 255 255 255 255 255 255 255 255 255 255 255 255 255
255 255 255 255 255 255 255 255 255 255 255 255 255 255 255 255
255 255   0   0   0   0   0   0   0   0   0   0   0   0 255 255
255 255   0   0   0   0   0   0   0   0   0   0   0   0 255 255
255 255   0   0   0   0   0   0   0   0   0   0   0   0 255 255
255 255   0   0   0 240 240 240 240 240 240   0   0   0 255 255
255 255   0   0   0 240 240 240 240 240 240   0   0   0 255 255
255 255   0   0   0 240  14  14  15  14 240   0   0   0 255 255
255 255   0   0   0 240  14  14  14  14 240   0   0   0 255 255
255 255   0   0   0 240  14  14  14  14 240   0   0   0 255 255
255 255   0   0   0 240 240 240 240 240 240   0   0   0 255 255
255 255   0   0   0   0   0   0   0   0   0   0   0   0 255 255
255 255   0   0   0   0   0   0   0   0   0   0   0   0 255 255
255 255   0   0   0   0   0   0   0   0   0   0   0   0 255 255
255 255 255 255 255 255 255 255 255 255 255 255 255 255 255 255
255 255 255 255 255 255 255 255 255 255 255 255 255 255 255 255
255 255 255 255 255 255 255 255 255 255 255 255 255 255 255 255
255 255 255 255 255 255 255 255 255 255 255 255 255 255 255 255
255 255   0   0   0   0   0   0   0   0   0   0   0   0 255 255
255 255   0   0   0   0   0   0   0   0   0   0   0   0 255 255
255 255   0   0   0   0   0   0   0   0   0   0   0   0 255 255
255 255   0   0   0 240 240 240 240 240 240   0   0   0 255 255
255 255   0   0   0 240 240 240 240 240 240   0   0   0 255 255
255 255   0   0   0 240  14  14  15  14 240   0   0   0 255 255
255 255   0   0   0 240  14  14  14  14 240   0   0   0 255 255
255 255   0   0   0 240  14  14  14  14 240   0   0   0 255 255
255 255   0   0   0 240 240 240 240 240 240   0   0   0 255 255
255 255   0   0   0   0   0   0   0   0   0   0   0   0 255 255
255 255   0   0   0   0   0   0   0   0   0   0   0   0 255 255
255 255   0   0   0   0   0   0   0   0   0   0   0   0 255 255
255 255 255 255 255 255 255 255 255 255 255 255 255 255 255 255
255 255 255 255 255 255 255 255 255 255 255 255 255 255 255 255

255 255 255 255 255 255 255 255 255 255 255 255 255 255 255 255
255 214 153 153 153 153 153 153 153 153 153 153 153 153 214 255
255 153   0   0   0   0   0   0   0   0   0   0   0   0 153 255
255 153   0   0   0   0   0   0   0   0   0   0   0   0 153 255
255 153   0   0  10  49  49  49  49  49  49  10   0   0 153 255
255 153   0   0  49 240 240 239 223 208 236  49   0   0 153 255
255 153   0   0  49 239 170  64  15  59 207  49   0   0 153 255
255 153   0   0  49 205 194 108  14  22 164  49   0   0 153 255
255 153   0   0  49 215 172  80  14  14 149  49   0   0 153 255
255 153   0   0  49 240 207 115  54  46 224  49   0   0 153 255
255 153   0   0  49 223 218 213 221 210 227  49   0   0 153 255
255 153   0   0  10  49  49  49  49  49  49  10   0   0 153 255
255 153   0   0   0   0   0   0   0   0   0   0   0   0 153 255
255 153   0   0   0   0   0   0   0   0   0   0   0   0 153 255
255 214 153 153 153 153 153 153 153 153 153 153 153 153 214 255
255 255 255 255 255 255 255 255 255 255 255 255 255 255 255 255
255 255 255 255 255 255 255 255 255 255 255 255 255 255 255 255
255 214 153 153 153 153 153 153 153 153 153 153 153 153 214 255
255 153   0   0   0   0   0   0   0   0   0   0   0   0 153 255
255 153   0   0   0   0   0   0   0   0   0   0   0   0 153 255
255 153   0   0  10  49  49  49  49  49  49  10   0   0 153 255
255 153   0   0  49 240 240 239 223 208 236  49   0   0 153 255
255 153   0   0  49 239 170  64  15  59 207  49   0   0 153 255
255 153   0   0  49 205 194 108  14  22 164  49   0   0 153 255
255 153   0   0  49 215 172  80  14  14 149  49   0   0 153 255
255 153   0   0  49 240 207 115  54  46 224  49   0   0 153 255
255 153   0   0  49 223 218 213 221 210 227  49   0   0 153 255
255 153   0   0  10  49  49  49  49  49  49  10   0   0 153 255
255 153   0   0   0   0   0   0   0   0   0   0   0   0 153 255
255 153   0   0   0   0   0   0   0   0   0   0   0   0 153 255
255 214 153 153 153 153 153 153 153 153 153 153 153 153 214 255
255 255 255 255 255 255 255 255 255 255 255 255 255 255 255 255
255 255 255 255 255 255 255 255 255 255 255 255 255 255 255 255
255 214 153 153 153 153 153 153 153 153 153 153 153 153 214 255
255 153   0   0   0   0   0   0   0   0   0   0   0   0 153 255
255 153   0   0   0   0   0   0   0   0   0   0   0   0 153 255
255 153   0   0  10  49  49  49  49  49  49  10   0   0 153 255
255 153   0   0  49 240 240 239 223 208 236  49   0   0 153 255
255 153   0   0  49 239 170  64  15  59 207  49   0   0 153 255
255 153   0   0  49 205 194 108  14  22 164  49   0   0 153 255
255 153   0   0  49 215 172  80  14  14 149  49   0   0 153 255
255 153   0   0  49 240 207 115  54  46 224  49   0   0 153 255
255 153   0   0  49 223 218 213 221 210 227  49   0   0 153 255
255 153   0   0  10  49  49  49  49  49  49  10   0   0 153 255
255 153   0   0   0   0   0   0   0   0   0   0   0   0 153 255
255 153   0   0   0   0   0   0   0   0   0   0   0   0 153 255
255 214 153 153 153 153 153 153 153 153 153 153 153 153 214 255
255 255 255 255 255 255 255 255 255 255 255 255 255 255 255 255

255 255 255 255 255 255 255 255 255 255 255 255 255 255 255 255
255 214 153 153 153 153 153 153 153 153 153 153 153 153 214 255
255 153   0   0   0   0   0   0   0   0   0   0   0   0 153 255
255 153   0   0   0   0   0   0   0   0   0   0   0   0 153 255
255 153   0   0  10  49  49  49  49  49  49  10   0   0 153 255
255 153   0   0  49 236 207 164 149 224 227  49   0   0 153 255
255 153   0   0  49 208  59  22  14  46 210  49   0   0 153 255
255 153   0   0  49 223  15  14  14  54 221  49   0   0 153 255
255 153   0   0  49 239  64 108  80 115 213  49   0   0 153 255
255 153   0   0  49 240 170 194 172 207 218  49   0   0 153 255
255 153   0   0  49 240 239 205 215 240 223  49   0   0 153 255
255 153   0   0  10  49  49  49  49  49  49  10   0   0 153 255
255 153   0   0   0   0   0   0   0   0   0   0   0   0 153 255
255 153   0   0   0   0   0   0   0   0   0   0   0   0 153 255
255 214 153 153 153 153 153 153 153 153 153 153 153 153 214 255
255 255 255 255 255 255 255 255 255 255 255 255 255 255 255 255
255 255 255 255 255 255 255 255 255 255 255 255 255 255 255 255
255 214 153 153 153 153 153 153 153 153 153 153 153 153 214 255
255 153   0   0   0   0   0   0   0   0   0   0   0   0 153 255
255 153   0   0   0   0   0   0   0   0   0   0   0   0 153 255
255 153   0   0  10  49  49  49  49  49  49  10   0   0 153 255
255 153   0   0  49 236 207 164 149 224 227  49   0   0 153 255
255 153   0   0  49 208  59  22  14  46 210  49   0   0 153 255
255 153   0   0  49 223  15  14  14  54 221  49   0   0 153 255
255 153   0   0  49 239  64 108  80 115 213  49   0   0 153 255
255 153   0   0  49 240 170 194 172 207 218  49   0   0 153 255
255 153   0   0  49 240 239 205 215 240 223  49   0   0 153 255
255 153   0   0  10  49  49  49  49  49  49  10   0   0 153 255
255 153   0   0   0   0   0   0   0   0   0   0   0   0 153 255
255 153   0   0   0   0   0   0   0   0   0   0   0   0 153 255
255 214 153 153 153 153 153 153 153 153 153 153 153 153 214 255
255 255 255 255 255 255 255 255 255 255 255 255 255 255 255 255
255 255 255 255 255 255 255 255 255 255 255 255 255 255 255 255
255 214 153 153 153 153 153 153 153 153 153 153 153 153 214 255
255 153   0   0   0   0   0   0   0   0   0   0   0   0 153 255
255 153   0   0   0   0   0   0   0   0   0   0   0   0 153 255
255 153   0   0  10  49  49  49  49  49  49  10   0   0 153 255
255 153   0   0  49 236 207 164 149 224 227  49   0   0 153 255
255 153   0   0  49 208  59  22  14  46 210  49   0   0 153 255
255 153   0   0  49 223  15  14  14  54 221  49   0   0 153 255
255 153   0   0  49 239  64 108  80 115 213  49   0   0 153 255
255 153   0   0  49 240 170 194 172 207 218  49   0   0 153 255
255 153   0   0  49 240 239 205 215 240 223  49   0   0 153 255
255 153   0   0  10  49  49  49  49  49  49  10   0   0 153 255
255 153   0   0   0   0   0   0   0   0   0   0   0   0 153 255
255 153   0   0   0   0   0   0   0   0   0   0   0   0 153 255
255 214 153 153 153 153 153 153 153 153 153 153 153 153 214 255
255 255 255 255 255 255 255 255 255 255 255 255 255 255 255 255

255 255 255 255 255 255 255 255 255 255 255 255 255 255 255 255
255 214 153 153 153 153 153 153 153 153 153 153 153 153 214 255
255 153   0   0   0   0   0   0   0   0   0   0   0   0 153 255
255 153   0   0   0   0   0   0   0   0   0   0   0   0 153 255
255 153   0   0  10  49  49  49  49  49  49  10   0   0 153 255
255 153   0   0  49 227 210 221 213 218 223  49   0   0 153 255
255 153   0   0  49 224  46  54 115 207 240  49   0   0 153 255
255 153   0   0  49 149  14  14  80 172 215  49   0   0 153 255
255 153   0   0  49 164  22  14 108 194 205  49   0   0 153 255
255 153   0   0  49 207  59  15  64 170 239  49   0   0 153 255
255 153   0   0  49 236 208 223 239 240 240  49   0   0 153 255
255 153   0   0  10  49  49  49  49  49  49  10   0   0 153 255
255 153   0   0   0   0   0   0   0   0   0   0   0   0 153 255
255 153   0   0   0   0   0   0   0   0   0   0   0   0 153 255
255 214 153 153 153 153 153 153 153 153 153 153 153 153 214 255
255 255 255 255 255 255 255 255 255 255 255 255 255 255 255 255
255 255 255 255 255 255 255 255 255 255 255 255 255 255 255 255
255 214 153 153 153 153 153 153 153 153 153 153 153 153 214 255
255 153   0   0   0   0   0   0   0   0   0   0   0   0 153 255
255 153   0   0   0   0   0   0   0   0   0   0   0   0 153 255
255 153   0   0  10  49  49  49  49  49  49  10   0   0 153 255
255 153   0   0  49 227 210 221 213 218 223  49   0   0 153 255
255 153   0   0  49 224  46  54 115 207 240  49   0   0 153 255
255 153   0   0  49 149  14  14  80 172 215  49   0   0 153 255
255 153   0   0  49 164  22  14 108 194 205  49   0   0 153 255
255 153   0   0  49 207  59  15  64 170 239  49   0   0 153 255
255 153   0   0  49 236 208 223 239 240 240  49   0   0 153 255
255 153   0   0  10  49  49  49  49  49  49  10   0   0 153 255
255 153   0   0   0   0   0   0   0   0   0   0   0   0 153 255
255 153   0   0   0   0   0   0   0   0   0   0   0   0 153 255
255 214 153 153 153 153 153 153 153 153 153 153 153 153 214 255
255 255 255 255 255 255 255 255 255 255 255 255 255 255 255 255
255 255 255 255 255 255 255 255 255 255 255 255 255 255 255 255
255 214 153 153 153 153 153 153 153 153 153 153 153 153 214 255
255 153   0   0   0   0   0   0   0   0   0   0   0   0 153 255
255 153   0   0   0   0   0   0   0   0   0   0   0   0 153 255
255 153   0   0  10  49  49  49  49  49  49  10   0   0 153 255
255 153   0   0  49 227 210 221 213 218 223  49   0   0 153 255
255 153   0   0  49 224  46  54 115 207 240  49   0   0 153 255
255 153   0   0  49 149  14  14  80 172 215  49   0   0 153 255
255 153   0   0  49 164  22  14 108 194 205  49   0   0 153 255
255 153   0   0  49 207  59  15  64 170 239  49   0   0 153 255
255 153   0   0  49 236 208 223 239 240 240  49   0   0 153 255
255 153   0   0  10  49  49  49  49  49  49  10   0   0 153 255
255 153   0   0   0   0   0   0   0   0   0   0   0   0 153 255
255 153   0   0   0   0   0   0   0   0   0   0   0   0 153 255
255 214 153 153 153 153 153 153 153 153 153 153 153 153 214 255
255 255 255 255 255 255 255 255 255 255 255 255 255 255 255 255
